k,p,spread_function,no_simulations,max_hop,model,population_size,offspring_size,random_seed,max_generations,n_parallel,g_nodes,g_new_edges,g_type,g_seed,g_file,out_file,log_file,out_name,out_dir,exec_time,best_fitness,best_mc_spread
1,0.3,monte_carlo,100,2,IC,16,16,2,10,4,1000,3,barabasi_albert,0,None,None,None,k_1_,../experiments/spread_functions_comparisons/out/barabasi_albert/k/IC/monte_carlo/1,4.601961851119995,665.06,606.74
