n_nodes,influence,n0,n1,n2,n3,n4
5,116.6500,940,14,561,36,95
5,116.6500,940,14,561,36,95
5,116.6500,940,14,561,36,95
5,116.6500,940,14,561,36,95
5,116.6500,940,14,561,36,95
5,116.6500,940,14,561,36,95
5,116.6500,940,14,561,36,95
5,116.6500,940,14,561,36,95
5,116.6500,940,14,561,36,95
5,116.6500,940,14,561,36,95
5,116.6500,940,14,561,36,95
5,116.6500,940,14,561,36,95
5,116.6500,940,14,561,36,95
5,113.6200,940,14,561,36,95
5,113.6200,940,14,561,36,95
5,113.6200,940,14,561,36,95
